Number of nodes: 3327
Labelled nodes: 120 (3.5999999999999996%)
	NMI: 0.27531509648774305
	ARI: 0.23107613929721058
	Acc: 0.5679999999999998

Number of nodes: 3327
Labelled nodes: 620 (18.6%)
	NMI: 0.3400096046910271
	ARI: 0.32484845657086087
	Acc: 0.638

