Number of nodes: 2708
Labelled nodes: 140 (5.2%)
	NMI: 0.5241117955347139
	ARI: 0.48447361314620546
	Acc: 0.747

Number of nodes: 2708
Labelled nodes: 640 (23.599999999999998%)
	NMI: 0.6158371061145445
	ARI: 0.637357033603628
	Acc: 0.8219999999999998

