Number of nodes: 19717
Labelled nodes: 60 (0.3%)
	NMI: 0.28743564549964384
	ARI: 0.33092829531453105
	Acc: 0.7190000000000001

Number of nodes: 19717
Labelled nodes: 560 (2.8000000000000003%)
	NMI: 0.37764489208812335
	ARI: 0.46930889526306635
	Acc: 0.7889999999999999

