Number of nodes: 2708
Labelled nodes: 140 (5.2%)
	NMI: 0.5346440966846615
	ARI: 0.47834300436176524
	Acc: 0.7460000000000001

Number of nodes: 2708
Labelled nodes: 640 (23.599999999999998%)
	NMI: 0.6116877171720726
	ARI: 0.6364405671196023
	Acc: 0.8240000000000001

