Number of nodes: 19717
Labelled nodes: 60 (0.3%)
	NMI: 0.2944509475825107
	ARI: 0.330764717345767
	Acc: 0.716

Number of nodes: 19717
Labelled nodes: 560 (2.8000000000000003%)
	NMI: 0.3781330786337458
	ARI: 0.46717252131031384
	Acc: 0.7889999999999999

